2,3
1,3
1,2
5,6
4,6
4,5
8,9
7,9
7,8
11,12
10,12
10,11
14,15
13,15
13,14
17,18
16,18
16,17
20
19
22
21
24
23
172,26
172,25
28
27
30,31
29,31
29,30
33,34
32,34
32,33
173,36
173,35
38
37
174,40
174,39
42,169
41,169
44,45,182
43,45,182
43,44
47
46
49
48
51
50
53
52
55
54
57
56
59
58
61,62,186
60,62,186
60,61
64,65
63,65
63,64
67,68
66,68
66,67
70,71
69,71
69,70
73
72
75,76
74,76
74,75
78
77
80,199
79
82
81

85
84
87
86
89
88
91
90
93,94
92,94
92,93
208
97
96
99
98
101
100
103
102
105
104
236
236

110
109
112
111
242


117,230
116,230
119
118
121
120

212
238
239
240


130
129


134,135,136,196,197
133
133
133
233
139
138
141
140





148,149
147,149
147,148


153,154
152,154
152,153
156,157
155,157
155,156
159,160
158,160
158,159
162
161
164
163
166
165
168
167
41,42
171
170
25,26
35,36
39,40
176
175
178
177
180,181
179,181
179,180
43,44
350,184
350,183

60,61
188,189
187,189
187,188

192
191

195
194
133
133

79


360

205
204


95
210
209

123



217
216
219
218
221
220

224
223



229
228
116,117
232
231
137


106,107,237
236
124
125
126

113



247,248
246,248
246,247



-
-
-
-
-
-
-
-
-
-
-
-
-
-
-
-
-
-
-
-
-
-
-
-
-
278,279
277,279
277,278
281,282
280,282
280,281
284,285
283,285
283,284
287
286
289
288
291,292,293,294
290,292
290,291
290,294
290,293
296,297
295,297
295,296
299,300
298,300
298,299
302,303
301
301
305
304
307
306

310
309
312
311
314
313
316
315

319
318



324
323

327
326
329
328
331
330
333,334
332,334
332,333
336
335
338
337
340
339
342,343
341,343
341,342
345
344
347
346


183,184
352
351



357
356
359
358
202
362
361

365,366
364,366
364,365
368
367

371,372
370,372
370,371
374,375
373
373

378
377



383,384
382,384
382,383



389
388
391
390
393,394
392,394
392,393
396,397
395,397
395,396
399,400
398,400
398,399










