3,4,5,6/12,13,14,15
7,8,11,13;9,10,13-13/4,5,6
5,4,3,2;11,16,15,2-2/10,9/13,12
10,11,12,13/16,15,14/5,6,7;6,9,8-6
11,12,13,14/5,6,7;6,9,8-6
11,12,13,14/4,5,6/7,8,9;8,9,2,3-8,9
12,13,14,15/3,4,5/7,8,9,10
12,13,14,15/6,7,8/3,4-L
12,13,14,15/9,10,11,5
10,11,12,13/7,8,9
3,4,5,6
5,6,7,8/13,14,15,16/9,10,11,12
5,6,7,8/10,11,12
3,4,5,6,7
3,4,5,6/11,12,13
10,11,12,13/7,8,9/5,6-L
10,11,12,13/7,8,9/5,6-L
10,11,12,13,14,15/7,8,9/5,6-L
8,9,10,11/6,7
9,10,11,12/5,6,7,8-L
11,12,13,14/7,8,9,10
10,11,12,13,14/7,8,9
13,14,15,16/7,8,9,10
10,11,12,13/5,6,7,8/2,3,4
3,4,5,6,7/11,12,13
3,4,5,6/7,8,9/10,11,12
4,5,6,7
2,3,4,5,6/11,12,13,14
2,3,4,5,6/9,10,11
11,12,13,14,15/5,6,7
11,12,13,14,15/4,5,6,7
11,12,13,14/7,8,9
11,12,13,14/6,7,8
12,13,14,15/9,10,11
12,13,14,15/7,8,9,10
6,7,8,9/13,14,15
13,14,15,16;9,10,11,12-/6,7,8
12,13,14,15/3,4,5
13,14,15,16/3,4,5,6
12,13,14,15,16/3,4,5,6
7,8,9,10/11,12,13,14
6,7,8,9/10,11,12,13
12,13,14,15/5,6,7,8
12,13,14,15/3,4,5,6/8,9,10,11
12,13,14,15/6,7,8,9/3,4,5
11,12,13,14/7,8,9/5,6
12,13,14,15/7,8,9,10/5,6
12,13,14,15/6,7,8,3/9,10,11
12,13,14,15,16/
12,13,14,15/3,4,5
12,13,14,15/3,4,5
13,14,15,16/10,11,12/3,4,5
13,14,15,16/8,9,10/5,6,7
12,13,14,15/2,3,4,5
12,13,14,15/7,8,9,10/4,5,6
13,14,15,16/9,10,11,12/4,5,6,7
13,14,15,16/8,9,10,11/6,7
12,13,14,15/8,9,10,11
12,13,14,15/8,9,10,11
12,13,14,15/9,10,11
12,13,14,15
12,13,14,15
12,13,14,15/6,7,8,9
12,13,14,15/6,7,8,9/4,5
12,13,14,15/6,7,8,9
11,12,13,14,15/3,4,5,6/8,9,10
11,12,13,14,15/3,4,5,6/8,9,10
11,12,13,14,15/3,4,5,6/7,8
7,8,9/10,11,12/4,5,6
7,8,9,3/10,11,12,13/4,5,6
7,8,9,3/10,11,12,13/5,6
12,13,14,15/3,4,5,6/7,8,9,10
12,13,14,15/3,4,5,6/7,8,9,10
12,13,14,15
13,14,15,16
6,7,8,9/10,11,12,13
10,11,12,13/3,4,5,6-L
10,11,12,13/3,4,5,6,7-L
12,13,14,15/4,5,6,7-L
12,13,14,15/3,4,5,6-L/7,8,9,10
12,13,14,15/4,5/6,7/8,9,10,11
12,13,14,15/4,5/6,7/8,9,10,11
12,13,14,15/9,10,11/4,5-L
6,7,8,9/10,11,12-L
2,3,4,5/6,7,8-L/9,10,11
2,3,4,5/6,7,8/9,10,11
2,3,4,5
6,7,8,9/2,3,4,5
2,3,4,5,6/7,8,9,10
3,4,5,6/7,8,9
3,4,5,6
11,12,13/7,8,9,10/4,5
2,3,4,5/10,11,12
12,13,14,15/5,6,7
11,12,13,14,15
12,13,14,15/8,9,10,11
2,3,4,5
12,13,14,15/5,6,7,8
2,3,4,5/6,7,8,9
11,12,13,14,15
11,12,13,14,15
12,13,14,15,16/4,5
2,3,4,5/6,7,8/9,10,11,12
2,3,4,5/10,11,12-L
13,14,15,16/9,10,11,12-L
2,3,4,5,6/12,13,14/9,10,11
12,13,14,15/7,8,9,10/3,4,5,6
11,12,13,14,15/3,4,5/6,7,8,9
12,13,14,15/10,11
11,12,13,14,15/8,9,10
2,3,4,5,6/7,8-D
12,13,14,15/7,8,9/3,4,5,6-L
12,13,14,15,16/9,10,11
2,3,4,5/6,7,8
13,14,15,16/10,11,12/4,5-L
6,7,8,9/10,11-L/12,13
3,4,5,6,7/8,9,10
6,7,8,9,10/11,12
10,11,12,13/2,3,4,5
7,8,9,10/11,12,13,14/3,4,5,6
2,3,4,5/11,12,13,14/6,7,8,9
6,7,8,9/10,11,12,13
12,13,14,15/8,9,10,11/6,7
7,8,9,10/4,5,6/11,12,13,14
12,13,14,15,16/8,9,10
12,13,14,15/8,9,10,11
12,13,14,15/3,4,5,6
12,13,14,15/8,9,10,11
13,14,15,16/7,8,9/10,11,12
5,6,7,8/9,10-L/12,13,14
12,13,14,15/5,6,7/8,9,10,11
6,7,8,9,10
12,13,14,15/3,4,5,6-L
12,13,14,15/8,9,10/5,6,7-L
2,3,4,5,6/8,9
13,14,15,16/3,4,5,6
6,7,8,9/2,3,4,5
13,14,15,16/8,9,10,11,12
13,14,15,16/8,9,10,11,12
12,13,14,15/4,5/7,8,9,10
12,13,14,15
12,13,14,15/5,6,7,8
2,3,4,5/6,7,8,9-L/10,11,12
2,3,4,5,6,7/10,11,12/13,14
12,13,14,15,16/9,10,11
12,13,14,15/5,6,7,8/9,10,11
12,13,14,15/11
12,13,14,15/6,7,8,9/11
3,4,5,6/7,8,9
6,7,8,9/2,3,4,5-L
11,12,13,14,15/5,4
3,4,5,6/7,8,9,10
3,4,5,6,7/8,9,10,11
3,4,5,6/8,9,10,11
3,4,5,6/11,12,13,14/7,8,9,10-L
3,4,5,6/11,12,13,14/7,8,9,10-L
3,4,5,6/11,12,13,14/7,8,9,10-L
3,4,5,6/8,9,10,11/14,15
3,4,5,6/9,10,11,12/13,14,15
3,4,5,6/8,9,10,11/12,13,14,15
3,4,5,6/7,8,9,10
3,4,5,7/6,8,9,10
7,8,9,10/3,4,5,6-L/11,12,13
7,8,9,10/3,4,5,6
3,4,5,6/7,8,9,10-L
3,4,5,6/7,8,9,10-L
3,4,5,6,7/8,9,10/11,12,13
3,4,5,6,7/8,9,10/11,12,13
3,4,5,6/9,10,11
3,4,5,6,7,8/9,10,11,12,13,14
4,5,6,7,8/9,10,11,12,13
3,4,5,6,7/10,11,12
3,4,5,6/8,9,10,11,7
3,4,5,6,7/12,13,14
7,8,9,10,11-L/14,15/12,13
2,3,4,5,6-L/14,15/12,13
3,4,5,6/10,11,12/7,8,9
3,4,5,6/10,11,12/7,8,9
3,4,5,6/7,8,9,10/11,12,13
7,8,9,10,11/2,3,4,5,6-L/12,13,14
3,4,5,6/12,13,14,15
3,4,5/6,7,8/9,10,11/12,13,14
7,8,9,11,10/13,14,15
7,8,9,10/13,14,15
3,4,5,6/8,9,10,11/12,13,14
7,8,9,10/3,4,5,6/11,12,13
3,4,5,6/8,9,10,11/13,14
3,4,5,6/8,9,10,11
3,4,5,6/15,16/8,9,10,11,12,2-L
3,4,5,6/7,8,9,10,11-L
8,7,6/5,4,3,2/13,12,11,10
7,6,5,4/9,10,8-L/16,15,14,13
6,5,4,2/10,9,8,11
7,6,5,4,3/8,9,10,11
9,8,7,6/4,3,2/13,12
13,12,11,10,9,8/7,6/15-D
8,7,6,5,4/12,11,10,9/15
8,7,6,5/13,12,11,10/2,3,4
8,7,6,5/3,4/11,10,9-L
6,5,4,3/11,15,10,9/14,13,12
5,8,9,10
11,10,9,8,7/6,5,4,3
11,10,9,8/7,6,5,4,3/14,13
11,10,9,8,7/13
8,7,6,5,4/14,13,12,11
7,6,5,4/15,14,13,12
8,7,6,5,4/12,11,10,9
9,8,7,6,5/14
7,6,5,4/15,14,12,11,10
8,7,6,5,4
9,8,7,6/13,12,11,10-L
3,4,5,6/13,14,15
15,14,13,12/7,6,5,4
3,4,5,6/8,9,10,11
3,4,5,6/7,8,9,10/14,15
3,4,5,6,7/8,9,10-L
3,4,5,6,7/8,9,10,11-L
7,3,4,5,6/8,9,10-L
7,3,4,5,6/8,9,10,11-L/12,13,14,15
3,4,5,6,7,8/9,10,11
3,4,5,6,7/9,10,11
7,8,9,10,11/3,4,5,6-L
3,4,5,6,7
3,4,5,6/8,9,10,11
3,4,5,6/8,9,10,11/13,14,15,12-L
3,4,5,6/11,12,13,14,15-L/8,9,10
3,4,5,6,7/8,9,10,11
3,4,5,6/7,8,9,10/11,12
3,4,5,6/7,8,9,10/11,12
3,4,5,6/10,11,12,13/8,9
3,4,5,6/8,9,10,11
7,8,9,10/3,4,5,6
3,4,5,6/8,9,10,11,12
3,4,5,6/8,9,10,11-L/13,14,15-D
4,5,6/11,12,3,13/9,10
3,4,5,6,7/8,9,10,11
8,9,10,11/3,4,5,6
4,5,6/7,8,3,9/10/11,12,13-L
3,4,5,6,7
3,4,5,6/8,9,10,11-L
3,4,5,6/7,8,9,10-L/12,13,14,15-D/11
7,8,9,10,11/3,4,5-L
3,4,5,6/7,8,9,10/13,14,15-L
3,4,5,6/7,8,9/10,11,12
3,4,5,6/7,8,9,10
3,4,5,6/8,9,10,11
3,4,5,6//8
3,4,5,6/8,9,10,11
7,8,9,10/3,4,5,6-L/13,14-D
3,4,5,6/11,12,13/7,8,9,10
3,4,5,6,7/9,10,11,12
12,13,14,15/6,7,8/5,10,9/2,3,4-L
5,4,3,6/9,8,7/14,11,2/19-L
12,13,14,15/6,7,8//2,3,4-L
12,13,14,15/6,7,8,9/2,3,4,5
12,13,14,15/6,7,8,9/2,3,4,5
6,7,8,9/13,14,15/10,11,12/3,4,5
12,13,14,15/6,7,8,9/10,2,3,4,5
11,12,13,14,15/6,7,8/2,3,4,5
12,13,14,15,11/6,7,8,9/2,3,4,5/
2,10,6/7,8,9/3,11,12-L/13,14
9,10,4,5/6,7,8/11,12-L/13,14
6,5,4,3,2/10,9,15,8,7
6,5,4,3,2/11,10,9,8/13,12
8,7,6/13,14,12/
9,8,7,6,4,3,2/11,12
7,6,5/4/12,11,10,9/3,2-D
9,8,7,6,4,3,2/12,10
10,9/8,7,6/14,15/12,13
6,7,8,9,10,5/12,13,14/2,3,4
13,11,10,9/7,6,5,3/12,8,4
6,5,4,3,2/7,8,9/13,12/15,14
7,6,5/10,9,8/12,11-L
10,9,8/7,6,5-L/12,11,13
8,7,6,5,2/9,10-L/14,13,12/15-L
11,12,13,14,15,16/6,7,10-L/2,3,4,5
3,4,5/6,9,7,8/10,11,12,13,14,15-L
11,2,3,4,5,10,6/12,13,14,15-L
5,4,3,2/12,11,10/14,13
5,4,3,2/12,11,10/14,13
11,10,9,8,12;10,13-10/7,6,5,4,3,2-L
10,11,12,8/2,3,4,5,9,7-L/13,16,14
6,7,8,9,10/2,3,4,5-L
12,11,7/6,4,5-L/16,9,8,10
7,9,8/11,10,15-L/5,4,3,2
5,3,4,13,2/6,7,12,8/10,11
5,4,3,2/8,7,6/14,13,11
11,5,4,3,12,2/6,7,8,10,13-L
15,7,8,9,10,16,11/2,3,4,12,13;5,6,13-13
13,14,15,16/3,4,5,6/9,10,11
8,13,14,15,16/3,4,5,6,7;9,7-7
6,5,4,3,2/13,12,15,11/10,9,8
7,6,5,3,2/9,8
4,3,2;4,5;4/8,9,10,11/12,13
7,6,5,4,13,2/11,10,9,8
5,6,7,8/9,10,11-D/2,3,4-L/14,15
5,4,3,2;14,10,2-2/7,11,6/16,9/12/13
9,15,14,13,11;12,11-11/7,6,5,4,3,2-L
6,5,4,3/9,13,15,14;13,14-14/8,7,11
9,8,6,7
13,3,4,5,6;11,13-13/7,8,9,10
11,3,4,5;10,11-11/6,7,8,9-L/14,12,13,16
5,4,3,8,2/13,12,11/10,9
6,5,4,3,2/10,9,11/8,7
10,9,8,14/3,7,6,5,2/13,12,11
5,4,3,2/11,10,9-L/8,7/13
5,4,3,2/8,7,9
2,3,4/5,6,7-L/10,13,14,15
12,13,14,3/6,7,8,4,2/9,10,11,5
13,6,7,8,14/2,3,4,5-D/9,10,11
12,13,14/10,11-D/6,7,8,9/2,3,4,5-L
5,4,3,2/6,7,8-L
5,4,3,2/6,7,8-L/10
10,9,11,12/8,3,5,4-L/
6,5,4,3,2/8,7/12,13,14,15-L
7,13,6,5,4,3,2/12,11,10,9,8-L
14,5,4,13,3,2/15,12,11,10-L
5,3,2;12,4,2-2/14,15,13-L/9,8,7,6-L
2,3,4,5/6,7,8,9,11/15,13,14
2,3,4,5,10/6,7,8,9,11/13
6,7,8/3,4,5/9,11
8,6,10/2,3,4,6,7-L/12,13,14,15
2,4,6,8,10,11;3,5,7,9,11-11/12,13,14,15
6,7,8,9/2,3,4,5-L/13
5,3,12,4,9,2
2,3,4,13,5,11/6,7,8,9;10,9-9
14,9,10,11,12/2,3,4,5/6,7,8,13
7,8,10,9/3,4,5,6-L
7,8,9/3,4,5,6-L
13,14,15,16/8,9,10,11/4,5,6
12,13,14,15,16/3,4,5-L/6,7,8/9,10
3,4,5,6/13,14,15,16/11,12
14,9,10,11,5/15,6,2,8,3,4-L
8,9,10,11,15/12,13,4,14,3/5,6,7
5,4,3,13,2/7,6,14
5,4,3,12,2/11,15
7,6,5,3/15/9,10,8,2
3,9,8,6/16,15,14/13,12,11/5,10,7
16,15,14,5-L/4,3/13,12,11,10
13,8,7-L/5,4,2/12,11,10,3
7,6-L/5,4,3,2/14,13,12/10,9,8-L
5,4,3;6,3-3/13,12,11,10/9,8,7-D
5,4,3,2,15/14,12,11/9,8,7-D/13
5,4,16,3,2/9,8,7,6/11,10
3,4,5,6,7/9,10,11,12
3,4,5,6/7,8,9/10,11,12,13
3,4,5,6/7,8,9/10,11,12,13
14,15,16/12,9,10/5,6,7,8,11
6,7,8,9,10/3,4,5/
5,6,7,8,9/14,15,16,11;10,11-11
13,14,15/3,4,5/6,7,8
5,4,3,6,2/9,10/11,12/7,8
12,13,14,15/7,8,9;3,5,4,9-9/6
14,15,10/15,6,16/7,8,9/12,13,3,11
10,7,8,9/11,15,16/3,13,4,5,12,6
7,9,10,11,12/2,3,4,5,6/13,14
5,4,3,2/11,10,9,8,7/15/14,13,12
5,4,3,2/11,10,9,8,7/15/14,13,12
5,4,3,2/11,10,9,8,7/15/14,13,12
/
6,7,8,9/13,14,15/10,11,12
6,7,8,9/13,14,15/10,11,12/2
3,4,5,6/2,7,8,9/11,12,13
3,4,5,6/7,8,9/11,12,13
3,4,5,6/11,12/13,14,15
3,4,5,6/11,12/13,14,15/7,8,9
12,13,14,15/8,9/3,4,5-L
12,13,14,15/8,9/3,4,5-L
12,13,14,15/8,9/3,4,5-L
5,4,3,2/7,6;8,6-6
11,10,9/8,7,6/4,3,2/13,14
5,4,3,2/9,8,7,6
10,12,13,14,15/8,9,7/6,2,3,4,5
10,12,13,14,15/8,9,7/6,2,3,4,5
10,12,13,14,15/8,9,7/6,2,3,4,5
6,5,4,7,3,2/11,10,9,8/15,14
9,6,5,4,7,3,2/14,15,13
6,5,4,3,2/9,8,7,2/14,15,13
10,12,13,14,6,15/8,9,7/2
11,6,8,9,2,7/10/3,4,5
6,5,4,2;3,2-2/15,14/10
10,12,13,14,15/6,7/8,9
10,12,13,14,15/8,9,7
14,13,12,11/2,7,6/
4,3,2/6,7,8/12/11
3,14,12,13/5,4,6,11/9,10,15
7,8/4,5,6

--1155


castform
------------------

colors:	(norm/sun/rain/hail)
5,4,3,2/7,8
5,4,3,11,2,2;9,10,11-11;7,8
5,4,3,11,2/7,8/12,13/9,10
4,2,11/7,8/12,9,10,13,2



L = light
D = dark


dumb shinies:
Togepi

------------------------------------

#252 = Missingno.
#387 = egg

egg's palettes @ 0xe3b66c


1,2,3,4;6,5,4-4/7,8,9/10,11

main ; mainshared - sharedcolor / secondary ; tri / whites


LEFT OFF:


AT: 459/266 - sapph	
AT: 356/265 - emerald	

10200000003957FF7F2912FF5A00FF3D1A2DB0632B4B00902FCD12442E4208004211D81D711DCF14

d30ab8
c30734



1199/1002

-- going to need to link to evolutions for coloring purposes
(seadra - kingdra, etc.)





image headers = 10000800??0000F001
palette headers = 1020000000

1F070000

10000800350000F0010001800003A800034010F01A00008888880800AAAAAA9A	... 0000
1020000000B24E2921AD35314600B556E720AF35334600B7563B67FF7FF52400	... 0000
100008003F0000F001F001F001F001F001F001FFF001F001F001F001F001F001	... 0000
1020000000
B24E
642D
E839
6B4A00
1267
A90C
EF2D
733E00
F74E
7B63
FF7F
F52400
BB35
1F42
FF29
000000

e28b48/e28ed8	912-40
e28f00/e29260	864-72
e296a8/e29a1c	884-142
e29a44/e29d60	796-1096
e2a1a8

castform
------------------

colors:	(norm/sun/rain/hail)
5,4,3,2/7,8
5,4,3,11,2,2;9,10,11-11;7,8
5,4,3,11,2/7,8/12,13/9,10
4,2,11/7,8/12,9,10,13,2



-------------normal form - e27c75	missing 3 0000's
4B29
F95E
7C6F 00
DE77
0000
FF7F
7B7B20
0000
  3001		??? => 3 0000's?
524A
4925
FF 00 7F
630C



184B

------------sun form - e27c96		missing starting 184b and ending ff7f,630c
CC14
790025	extra 00
FD25
7F22
0000
DF0037	extra 00
5C37
7F32
1A26
720121	extra 01
3A73
0000
6B29


301F00

------------rain form - e27cb6		missing starting 184b and ending 6b29,ff7f,630c
072D
CC5D
2E6A
D266 00
0000
B97B
166F
316F 00
D062
8A41
1863
324A

81501F


---------------ice form - e27cd3	missing starting 184b and ending 2925,7fff,630c
451D
4F5D
D169

101F00

D87E 7362
3157
8E46 02
2C39
9773
CA35
305F000000




---------------- shiny normal - e286b1 		same as normal
184B
6C2D
995E
1C6F00
7F7F
0000
DF23
DC12 20
0000
  3001
524A
4925
FF007F
630C


184B
----------------shiny fire - e286d2		missing 0000,df37 in middle and ff7f,630c at end, 4b18 at start
CC14
79 04 25
FD25
7F22
  001F37

5C 00 37
7F32
1A26
7221
3A 04 73
0000
6B29

301F

---------------shiny water - e286f0		missing starting 184b and ending 6b29,ff7f,630c
072D 00
CC5D
2E6A
D266
0000 00
B97B
166F
316F
D062 02
8A41
1863
324A


501F

--------------------shiny hail - e2870d		missing starting 184b; middle d266,0000; ending 4925,7fff,630c
45 04 1D
4F5D
D169

101F

D87E 00
7362
3157
8E46
2C39 08
9773
CA35


305F























CASTFORM COLORS:


0111 0111 1101 1110	77de	-
0110 1111 0111 1100	6f7c	-
0101 1110 1111 1001	5ef9	-
0100 1010 0101 0010	4a52
0010 1001 0100 1011	294b	-
0010 0101 0010 1001	2529	
0010 0101 0100 1001	2549
0111 1111 1111 1111	7fff	-
0111 1111 0111 1011	7f7b

184B
4B29	---
F95E	---
7C6F00	---
DE77	---
0000
FF7F	---
7B7B
	2000
0030
0152
4A49
25FF00
7F63
0C18
4BCC
147900
25FD
257F
2200







