3,4,5,6/12,13,14,15
7,8,11,13;9,10,3,13-13/4,5,6,16;14,15,16-16
5,4,3,2;11,15,14,2-2/10,9,7,6/13,12
10,11,12,13/16,15,14-LN/5,6,7;6,9,8-6
11,12,13,14//5,6,7;6,9,8-6
11,12,13,14/4,5,6/7,8,9;8,2,3-8
12,13,14,15/3,4,5
12,13,14,15/6,7,8
12,13,14,15/9,10,11,5
10,11,12,13
3,4,5,6
5,6,7,8/13,14,15,16-DN/9,10,11,12
5,6,7,8;14,8-8/9,10,11,12
3,4,5,6,7
3,4,5,6/11,12,13
10,11,12,13-LN/7,8,9/4,5,6-L
10,11,12,13-LN/7,8,9/4,5,6-L
10,11,12,13,14,15-LN/7,8,9/4,5,6-L
8,9,10,11/6,7
9,10,11,12/5,6,7,8-L
11,12,13,14/7,8,9,10
10,11,12,13,14;7,15,8,9,14-14
13,14,15,16/2,7,8,9,10
10,11,12,13/5,6,7,8/2,3,4
3,4,5,6,7/11,12,13
3,4,5,6/7,8,9/10,11,12-D
4,5,6,7
2,3,4,5,6/11,12,13,14
2,3,4,5,6/9,10,11
11,12,13,14,15/5,6,7
11,12,13,14,15/4,5,6,7
11,12,13,14/7,8,9
11,12,13,14/6,7,8
12,13,14,15/9,10,11
12,13,14,15/7,8,9,10
6,7,8,9/13,14,15
13,14,15,16/9,10,11,12;6,7,8,11-11-D
12,13,14,15/3,4,5-D/7,8-D
13,14,15,16/3,4,5,6/7,8-D
12,13,14,15,16/3,4,5,6
7,8,9,10/11,12,13,14
6,7,8,9/10,11,12,13
12,13,14,15/5,6,7,8
12,13,14,15/3,4,5,6/8,9,10,11
12,13,14,15/6,7,8,9;3,4,5,9-9
11,12,13,14/7,8,9/5,6
12,13,14,15/7,8,9,10/5,6
12,13,14,15/6,7,8,3/9,10,11
12,13,14,15,16/
12,13,14,15/3,4,5
12,13,14,15/3,4,5
13,14,15,16/10,11,12/3,4,5
13,14,15,16/8,9,10/5,6,7
12,13,14,15/2,3,4,5-L
12,13,14,15/7,8,9,10-L-E/4,5,6
13,14,15,16/9,10,11,12/4,5,6,7
13,14,15,16/8,9,10,11/6,7
12,13,14,15/8,9,10,11-DN
12,13,14,15/8,9,10,11-DN
12,13,14,15/9,10,11
12,13,14,15
12,13,14,15
12,13,14,15/6,7,8,9-D
12,13,14,15/6,7,8,9/4,5
12,13,14,15/6,7,8,9
11,12,13,14,15/3,4,5,6-DN/8,9,10-LN
11,12,13,14,15/3,4,5,6-DN/8,9,10-LN
11,12,13,14,15/3,4,5,6-DN/7,8-LN
7,8,9,3/10,11,12,3/4,5,6
7,8,9,3/10,11,12,13/4,5,6
7,8,9,3/10,11,12,13/5,6
12,13,14,15/3,4,5,6/7,8,9,10
12,13,14,15/3,4,5,6/7,8,9,10
12,13,14,15
13,14,15,16
6,7,8,9/10,11,12,13
10,11,12,13/3,4,5,6-L
10,11,12,13/3,4,5,6,7-L
12,13,14,15/4,5,6,7-L-E
12,13,14,15/3,4,5,6-L-E/7,8,9,10
12,13,14,15/4,5/6,7/8,9,10,11-LN
12,13,14,15/4,5/6,7/8,9,10,11-LN
12,13,14,15/9,10,11/4,5-L
6,7,8,9/10,11,12-L-E
2,3,4,5/6,7,8-L-E/9,10,11
2,3,4,5-DN/6,7,8/9,10,11
2,3,4,5-DN
6,7,8,9/2,3,4,5
2,3,4,5,6/7,8,9,10
3,4,5,6/7,8,9
3,4,5,6
11,7,8,9,10/4,5
2,3,4,5/10,11,12
12,13,14,15/5,6,7-DN
11,12,13,14,15
12,13,14,15/8,9,10,11
2,3,4,5
12,13,14,15/5,6,7,8
2,3,4,5/6,7,8,9
11,12,13,14,15
11,12,13,14,15
12,13,14,15,16/4,5
2,3,4,5/6,7,8/9,10,11,12
2,3,4,5/10,11,12-L
13,14,15,16/9,10,11,12-L
2,3,4,5,6/12,13,14/9,10,11
12,13,14,15-LN/7,8,9,10/3,4,5,6
11,12,13,14,15/3,4,5/6,7,8,9
12,13,14,15/10,11
11,12,13,14,15/8,9,10
2,3,4,5,6-DN/7,8-D
12,13,14,15-DN/7,8,9/3,4,5,6-L
12,13,14,15,16/9,10,11
2,3,4,5/6,7,8
13,14,15,16/10,11,12/4,5-L/8,9
6,7,8,9/10,11-L-E/12,13
3,4,5,6,7/8,9,10-L-E
6,7,8,9,10/13,14
10,11,12,13/2,3,4,5
7,8,9,10/11,12,13,14/3,4,5,6
2,3,4,5/11,12,13,14/6,7,8,9
6,7,8,9/10,11,12,13
12,13,14,15/8,6,7,11
7,8,9,10/4,5,6-LN/11,12,13,14
12,13,14,15,16/8,9,10
12,13,14,15/8,9,10,11-L
12,13,14,15/3,4,5,6
12,13,14,15/8,9,10,11
13,14,15,16/7,8,9/10,11,12
5,6,7,8/9,10-L/12,13,14
12,13,14,15/5,6,7/8,9,10,11
6,7,8,9,10
12,13,14,15/3,4,5,6-L-E
12,13,14,15/8,9,10-D/5,6,7-DN
2,3,4,5,6/8,9-E
13,14,15,16/3,4,5,6
6,7,8,9/2,3,4,5
13,14,15,16/8,9,10,11,12
13,14,15,16/8,9,10,11,12
12,13,14,15;7,8,9,10,15-15/4,5
12,13,14,15
12,13,14,15/5,6,7,8
2,3,4,5/6,7,8,9-L/10,11,12
2,3,4,5,6,7/10,11,12/14,13
12,13,14,15,16/9,10,11
12,13,14,15/5,6,7,8/9,10,11
12,13,14,15/11
12,13,14,15/6,7,8,9/11-D
3,4,5,6/7,8,9
6,7,8,9/2,3,4,5-L-E
11,12,13,14,15-DN/5,4
3,4,5,6/7,8,9,10
3,4,5,6,7/8,9,10,11
3,4,5,6/8,9,10,11
3,4,5,6/11,12,13,14/7,8,9,10-L
3,4,5,6/11,12,13,14/7,8,9,10-L
3,4,5,6/11,12,13,14/7,8,9,10-L
3,4,5,6/8,9,10,11/14,15
3,4,5,6/9,10,11,12/13,14,15
3,4,5,6/8,9,10,11/12,13,14,15
3,4,5,6-L/7,8,9,10-D
3,4,5,7-L/6,8,9,10-D
7,8,9,10/3,4,5,6-L-E/11,12,13-DN
7,8,9,10-LN/3,15,4,5,6-E
3,4,5,6/7,8,9,10-L
3,4,5,6/7,8,9,10-L
3,4,5,6,7/8,9,10/11,12,13
3,4,5,6,7/8,9,10/11,12,13
3,4,5,6/9,10,11
3,4,5,6,7,8/9,10,11,12,13,14-DN
4,5,6,7,8/9,10,11,12,13-DN
3,4,5,6,7/10,11,12
3,4,5,6/8,9,10,11,7
3,4,5,6,7/10,11,14
7,8,9,10,11-DN/14,15/12,13
16,2,3,4,5,6-DN/14,15/12,13
3,4,5,6/10,11,12/7,8,9
3,4,5,6/10,11,12/7,8,9
3,4,5,6/7,8,9,10/11,12,13-D
7,8,9,10,11/2,3,4,5,6-L/12,13,14-D
3,4,5,6//12,13,14,15-D
3,4,5/6,7,8/9,10,11/12,13,14-LN-E
7,8,9,11,10/13,14,15
7,8,9,10/13,14,15
3,4,5,6/8,9,10,11/12,13,14
7,8,9,10/3,4,5,6-DN/11,12,13
3,4,5,6/8,9,10,11/13,14
3,4,5,6/8,9,10,11
3,4,5,6/15,16/8,9,10,11,12,2-L
3,4,5,6/7,8,9,10,11-L
8,7,6/5,4,3,2-D/13,12,11,10
10,7,6,5,4/9,8-L/16,15,14,13
6,5,4,2/10,9,8,11
7,6,5,4,3/8,9,10,11
9,8,7,6,3,4,2/13,12
13,12,11,10,9,8/7,6/15-D
8,7,6,5,4/12,11,10,9/15
8,7,6,5/13,12,11,10/2,3,4
8,7,6,5/3,4/11,10,9-L-E
6,5,4,3/11,15,10,9/14,13,12
5,8,9,10
11,10,9,8,7/6,5,4,3
11,10,9,8/7,6,5,4,3-D/14,13
11,10,9,8,7/13
8,7,6,5,4/14,13,12,11
7,6,5,4/15,14,13,12
8,7,6,5,4/12,11,10,9
9,8,7,6,5/14-LN
7,6,5,4/15,14,12,11,10
8,7,6,5,4
9,8,7,6/13,12,11,10-L-E
3,4,5,6/13,14,15
15,14,13,12/7,6,5,4
3,4,5,6/8,9,10,11
3,4,5,6/7,8,9,10/14,15
3,4,5,6,7/8,9,10-L
3,4,5,6,7/8,9,10,11-L
7,3,4,5,6/8,9,10-L
7,3,4,5,6/8,9,10,11-L/12,13,14,15-D
3,4,5,6,7,8/9,10,11
3,4,5,6,7/9,10,11
7,8,9,10,11/3,4,5,6-L
3,4,5,6,7
3,4,5,6/8,9,10,11
3,4,5,6/8,9,10,11/13,14,15,12-L
3,4,5,6/11,12,13,14,15-L-E/8,9,10
3,4,5,6,7/8,9,10,11
3,4,5,6/7,8,9,10/11,12
3,4,5,6/7,8,9,10/11,12
3,4,5,6/10,11,12,13/8,9
3,4,5,6/8,9,10,11
7,8,9,10/3,4,5,6
3,4,5,6/8,9,10,11,12
3,4,5,6/8,9,10,11-L/13,14,15-D
4,5,6-DN/11,12,3,13/9,10-D
3,4,5,6,7/8,9,10,11
8,9,10,11/3,4,5,6
10,4,5,6/7,8,3,9/11,12,13-L
3,4,5,6,7
3,4,5,6/8,9,10,11-L
3,4,5,6/7,8,9,10-L/12,13,14,15-D/11-LN
7,8,9,10,11/3,4,5-L
3,4,5,6-E/7,8,9,10/13,14,15-L-E
3,4,5,6/7,8,9/10,11,12
3,4,5,6/7,8,9,10
3,4,5,6/8,9,10,11
3,4,5,6//8-LN
3,4,5,6/8,9,10,11
7,8,9,10/3,4,5,6-L-E/13,14-D
3,4,5,6/11,12,13/7,8,9,10
3,4,5,6,7-DN/9,10,11,12

12,13,14,15/6,7,8/5,10,9/2,3,4-L
5,4,3,6/9,8,7,12/14,11,2/10,13-L
12,13,14,9,15/6,7,8//2,3,4-L
12,13,14,15/6,7,8,9-L/2,3,4,5
12,13,14,15,10/2,6,7,8,9-L/3,4,5
6,7,8,9/14,15,12-L/13,10,11,3,4,5
12,13,14,15/6,7,8,9/10,2,3,4,5
11,12,13,14,15/6,7,8/2,3,4,5
12,13,14,15,11;13,4,5-13/6,7,8,9/2,3-L
2,10,6,7,8,9/3,11,12-L/4,13,14
9,10,4,5,6,7,8/11,12-L/13,14
5,4,3,15,2-DN/6,10,9,1,15,8,7
6,5,4,3,2-DN/11,10,9,8-L/13,12
8,7,6,2-E/13,14,12-DN
9,8,7,6,4,3,2/11,12
7,6,5/4/12,11,10,9/3,2-D
9,8,7,6,4,3,2/12,10-D/11,13-L
10,9,11-DN/8,7,6-DN/14,15/12,13-DN/4,3,1,2,16-D
6,7,8,9,10,5/12,13,14/2,3,4
13,11,10,9,2/7,6,5,3/12,8,4
6,5,4,3,2/7,8,9/13,12,14;15,14-14-LN-E
7,6,5-D/10,9,8,2-B-E/12,11-DN
10,9,8,2-LN-E/7,6,5-DN/12,11,13
8,7,6,5,2/9,10-L/14,13,12/15-L
9,2,11,12,13,14,15,16/6,7,10-DN/3,4,5
3,4,5/6,9,7,8/10,11,12,13,14,15-L
11,2,3,4,5,10,6/12,13,14,15-L
5,4,3,2/12,11,10,15/14,13,6
5,4,3,2/12,11,10,15/14,13,6
11,10,9,8,12;10,13-10/7,6,5,4,3,2-DN
10,11,12,8/2,3,4,5,9,7-DN/13,16,14-DN
6,7,8,9,10/2,3,4,5-L
12,11,7/6,4,5-L/16,9,8,10
7,9,8,16/11,10,15-L/5,4,3,13,2
5,3,4,13,2/6,7,12,8/10,11
5,4,3,2/8,7,6/14,13,11
11,5,4,3,12,2/6,7,8,10,13-L-E
15,7,8,9,10,16,11/2,3,4,12,13;5,6,13-13-L-E
9,13,14,15,16/3,4,5,6-DN/10,11
8,13,14,15,16/3,4,5,6,9,7
6,5,4,3,2-LN-E/13,12,15,11/10,9,8
7,6,5,3,2/9,8
4,3,2;4,5-4/9,10,11/8,7,12,13
7,6,5,4,13,2/11,10,9,8
5,6,7,8/9,10,11-D/2,3,4-L/14,15-LN
5,4,14,3,10,2/7,11,6/16,9/12/13
9,15,14,13,12,11/7,6,5,4,3,2-L
6,5,4,3-D/9,13,15,14;13,14-14/8,7,11
9,8,6,7,3,2/10
13,3,4,5,6;11,13-13-LN/7,8,9,10-L
11,3,4,5,16;10,11-11-LN/6,7,8,9-L/14,12,13
5,4,3,8,2/13,12,11/10,9
6,5,4,3,2/10,9,11/8,7
10,9,8,14/3,7,6,5,2/13,12,11
5,4,3,2/11,10,9-L/8,7/13
5,4,3,13,2,16/8,7,9
2,3,4/5,6,7-L/10,13,14,15
12,13,14,3/6,7,8,4,2/9,10,11,5
13,6,7,8,14/2,3,4,5-D/9,10,11
12,13,14/10,11-D/6,7,8,9/2,3,4,5-L
5,4,3,2/6,7,8-L
5,4,3,2/6,7,8-L/10
8,3,5,4,13,2;6,7,13-13-DN/10,9,11,12
6,5,4,3,2-LN/8,7,11-LN/12,13,14,15-DN
13,6,5,4,3,2/12,11,10,9,8-L-E
14,5,4,13,3,2/15,12,11,10-L
5,4,3,2/15,13-L/9,8,7,6-L
6,2,3,4,5/7,8,9,11/15,13,14
12,2,3,4,5,10/6,7,8,9,11/13
6,7,8/3,4,5/9,11
8,9,10-DN/2,3,4,5,6,7-L-E/12,13,14,15
2,3,4,5,6,7,8,9,10,11/12,13,14,15
12,6,7,8,9/2,3,4,5-L/13
5,3,12,4,9,2
2,3,4,13,5,11/6,7,8,9;10,9-9
14,9,10,11,12/2,3,4,5/6,7,8,13
7,8,10,9/3,4,5,6-L
7,8,9/3,4,5,6-L
13,14,15,16/8,9,10,11/4,5,6
12,13,14,15,16/3,4,5-L-E/6,7,8/9,10
3,4,5,6/13,14,15,16-L-E/11,12
14,9,10,11,5-DN/15,6,2,8,3,4-L
8,9,10,11,15-DN/12,13,4,14,3-L/5,6,7
5,4,3,13,2/7,6,14
5,4,3,12,2/11,15-LN
7,6,5,3/15-LN/9,10,8,2
3,9,8,6/16,15,14/13,12,11/5,10,7
16,15,14,5-L/4,3-D/13,12,11,10
13,8,7-L-E/5,4,2-D/12,11,10,3
7,6-L-E/5,4,3,2/14,13,12/10,9,8-L
5,4,6,3,2/13,12,11,10/9,8,7-D
5,4,3,2,15/14,12,11/9,8,7-D/13
5,4,16,3,2/9,8,7,6/11,10
3,4,5,6,7/9,10,11,12
14,3,4,5,6/7,8,9/10,11,12,13
14,3,4,5,6/7,8,9/10,11,12,13
14,15,16/12,9,10/5,6,7,8,11
6,7,8,9,10/3,4,5
5,6,7,8,9/14,15,16,11;10,11-11
13,14,15,8/3,4,5-L-E/6,7-LN
5,4,3,6,2/9,10/11,12/7,8
12,13,14,15/7,8,9,6;3,5,4,9-9
4,5,10-L/15,6,16/7,8,9/12,13,3,11
10,7,8,9/11,15,16/3,13,4,5,12,6
7,9,10,11,12/2,3,4,5,6/13,14
5,4,3,2-LN/11,10,9,8,7/15-DN/14,13,12
5,4,3,2-LN/11,10,9,8,7/15-DN/14,13,12
5,4,3,2-LN/11,10,9,8,7/15-DN/14,13,12

6,7,8,9/13,14,15/10,11,12
6,7,8,9/13,14,15/10,11,12/2
3,4,5,6/2,7,8,9/11,12,13
3,4,5,6/7,8,9,15/10,11,12,13
3,4,5,6/11,12/13,14,15-DN
3,4,5,6/11,12/13,14,15-DN/7,8,9-DN
12,13,14,15/8,9-DN/3,4,5-L-E
12,13,14,15/8,9-DN/3,4,5-L-E
12,13,14,15/8,9-DN/3,4,5-L-E
5,4,3,2/7,6;8,6-6
12,11,15,10,9/8,7,6/4,3,2-D/13,14
5,4,3,2/9,8,7,6
11,10,12,13,14,15/8,9,7/6,2,3,4,5
11,10,12,13,14,15/8,9,7/6,2,3,4,5
11,10,12,13,14,15/8,9,7/6,2,3,4,5
6,5,4,7,3,2/11,10,9,8/15,14
8,9,6,5,4,7,3,2/14,15,13
6,5,4,3,2/9,8,7,2/14,15,13
10,12,13,14,6,15/8,9,7/2
13,11,6,8,9,2,7/10/3,4,5
6,5,4,2;3,2-2/15,14/10
10,12,13,14,15/6,7/8,9
10,12,13,14,15/8,9,7
14,13,12,11/2,7,6/
5,4,3,2/6,7,8/12/11
3,14,12,13/5,4,6,11/9,10,15
7,8/4,5,6